59791875142707344554745984624833270124746225787022156176259864082972613206097260696475359886661459314067969858521185244807128606896674972341093111690401527976891268108040443281821862422244152800144859031661510297789792278726877676645835805097902853584093615895099152578276185267316851163313487136731134073054989870018294373731775466754420075119913101001966739563592696702233028356328979384389178001923889641041703308599918672055860556825287836987992883550004999016194930620165247185883506733712391462975446192414198344745434022955974228926237100271949068464343172968939069550036969073411905889066207300644632441054836725463178144030305115977951503567
03081770884921959731165446850517
02935109699940807407585447034323
03036732577212944063491565474664
12345678
80871224585914546619083218645595
2374975387956345674365342875623749753879563456743653425364
1234567890123456789012345678901234567890
99999999999999999999
22222222222222222222
11111111111111111111
03036732577212944063491565474664
19617804207202209144916044189917




123456781234567812345678123456781234567812345678
12345678
3333222211112222
69317163492948606335995924319873
8765432187654321
2222222222222222
12345678


80871224585914546619083218645595



